advanced:
  gradient_boosting:
    feature_importances:
      biofuel_generation: 0.06800074096862556
      hydro_generation: 0.15698613191946645
      renewable_generation_lag_1: 0.33395896326334235
      renewable_generation_lag_3: 0.0030722749696514054
      renewable_generation_rolling_mean_12: 0.01939779240046102
      renewable_generation_rolling_mean_3: 0.356208643055674
      renewable_generation_rolling_mean_6: 0.04727990565914154
      solar_generation: 0.01509554776363779
    mae: 0.009384636031442775
    mse: 0.0003716039580297217
    r2: 0.9995986055015268
    rmse: 0.019277031878111365
  random_forest:
    feature_importances:
      biofuel_generation: 0.0726297052597688
      hydro_generation: 0.12705986835708127
      renewable_generation_lag_1: 0.3014617670516543
      renewable_generation_lag_3: 0.010607963791777024
      renewable_generation_rolling_mean_12: 0.13391573482238653
      renewable_generation_rolling_mean_3: 0.16872841178084236
      renewable_generation_rolling_mean_6: 0.11502756503980123
      solar_generation: 0.07056898389668854
    mae: 0.008526682446737058
    mse: 0.0003784157676991115
    r2: 0.9995912476064698
    rmse: 0.019452911548123366
  svr:
    mae: 0.03966469200785811
    mse: 0.0026980265480769216
    r2: 0.997085679552837
    rmse: 0.05194253120590988
baseline:
  arima:
    mae: 0.790247244045004
    mse: 0.9467201944971985
    r2: -0.022616335088297523
    rmse: 0.97299547506512
  lasso:
    mae: 0.7311093266383387
    mse: 0.9263752771472598
    r2: -0.0006404176641232606
    rmse: 0.9624839100718826
  linear:
    mae: 0.029466043248493674
    mse: 0.0015807981282040559
    r2: 0.9982924733223453
    rmse: 0.03975925210820817
  ridge:
    mae: 0.029549271019115163
    mse: 0.0015668027186079912
    r2: 0.9983075907081921
    rmse: 0.03958285889887176
